forest	plot	parcel	denarb	diamarbo	altfent	densfen	hume	matorg	amon	nitrat	don	doc	fosfatos	basal	sir	coefmet	c10	c11	c12	c13	i14	c14	c14_1	i15	a15	c15	i16	c15_1	c16	c16_1c	a17	c17	cy17	c17_1c	c18	c18_1n9t	c18_1n9c	c18_1n7c	c18_2n6t	c18_2n6c	cy19	c18_3n6	c18_3n3	c20	totalPLFA	bacteria	hong_bact	hongos
eucalyptus	E01	a	1873.864167	76	136	224	0.18128655	0.157142857	6.197984435	12.38897209	61.41776938	1053.453281	34.82764108	4.218944099	27.19596273	0.155131265	0.12343842	0	0.220506625	0.016136804	0	1.161207887	0.018706862	2.726401372	0	0.122735569	0.3741366	0.072136489	5.897691689	0.377854987	0.77125396	0.384555789	8.921291711	0.100260701	55.63335761	0.417885686	6.215318279	8.075159946	4.721877558	0	0	0.529679254	0	0	105.5491867	30.52124351	0.185093844	11.35508152
eucalyptus	E01	b	780.0929856	78.33333333	143	192	0.18125	0.20610687	5.582483788	10.44007347	70.67702712	1089.117131	24.4795112	7.973958234	28.54543032	0.279342723	0.152034963	0	0.430473825	0.031015051	0	1.078222414	0.071797053	6.2965242	0.924925921	0.392158076	1.634668087	0.248505862	6.800836637	1.002945013	1.283185648	0.60745953	8.161219372	0.539223983	2.613807096	0.109026433	0.485334533	14.87302797	0.441515457	0.092095653	7.137213762	0	0.103272442	0.179030172	55.68951916	42.85255157	0.013161084	1.127972077
eucalyptus	E01	c	950.4886436	87.33333333	102	144	0.256578947	0.274336283	9.504313263	13.36220348	60.10553268	1215.28082	17.65195721	7.764259463	34.75430426	0.223404255	0.163928653	0	0.375512106	0.026645753	0	0.928775207	0.312985687	4.101385104	0.39280675	0.234499395	0.93645158	0.025010699	9.736539333	0.626014833	1.123812997	0.757554423	8.064294738	0.458900989	4.073698975	0.099262078	0.335601246	10.49838255	0.257556781	0	6.93222483	0	0.109280925	0.160975643	50.73210127	34.12632818	0.01004451	0.692420104
eucalyptus	E01	d	499.9192524	106.6666667	171	192	0.186046512	0.228571429	8.835116928	13.78798305	49.38878185	675.6353794	27.82517663	8.19047619	25.24277908	0.324468085	0.093036854	0	0.318821663	0.037259234	0	0.868642952	0.06989801	4.875393658	0.74934111	0.209695762	1.194119777	0.133324651	7.822433761	0.540748177	1.175973039	0.599347914	8.160587066	0.470516255	2.474265112	0.091214909	0.408327726	10.4106504	0.23283614	0.2164258	6.997364751	0.097065298	0.096733271	0.17716069	48.52118398	35.38373791	0.013407354	0.948804574
eucalyptus	E02	a	1902.953473	96.66666667	178	96	0.2	0.197916667	6.683402944	17.85974357	100.7623276	1074.25057	18.83672056	3.641490927	18.20745463	0.2	0.091549176	0	0.149113639	0	0	0.565038585	0.088469142	0	0	0.10469266	0.176581656	0.031866424	6.848817621	0.028219287	0.53219332	0.451052218	7.967647075	0.07135301	4.615869803	0.092129201	0.242736113	7.421939191	0.144565046	0	0	0	0.090700317	0	29.71453348	16.75367842	0.014166546	0.47943036
eucalyptus	E02	b	1473.039668	130.3333333	143	96	0.164556962	0.174242424	7.769224798	17.68785799	129.0894592	968.8391088	14.74683327	5.174958541	21.74792703	0.237951807	0.099309898	0	0.176505894	0	0	0.453492141	0.11289661	0	0	0.100858144	0.210906678	0.044864407	5.766002868	0.024938249	0.521342402	0.374432319	8.040609494	0.066732884	3.203269112	0.08475176	0.234254918	7.656031904	0.092000722	0	0	0.145576068	0	0	27.40877647	16.99585207	0.012091403	0.4110074
eucalyptus	E02	c	926.7061347	85.66666667	140	64	0.166666667	0.148148148	7.608630686	15.58663559	88.50098619	1129.191321	16.76681507	5.305882353	20.05882353	0.264516129	0.105103515	0	0.170094628	0	0	0.508856365	0.097493629	0	0	0.127917745	0.267371315	0.068862929	6.013838081	0.082627377	0.57349315	0.391090312	7.937417177	0.104682869	3.427823997	0.092290375	0.239520605	6.781972252	0.095395446	0	0	0	0.093235651	0	27.17908742	16.2665722	0.012937361	0.427206426
eucalyptus	E02	d	569.900648	106	156	80	0.175531915	0.141935484	10.06335896	15.12130825	81.04439242	824.0349437	16.78176581	4.198511166	27.45693017	0.152912621	0.235243347	0	1.109683489	0.155766826	0.067705986	3.117461572	0.135310659	17.69308468	3.987832207	0.615565649	3.829224425	0.825994154	10.96023572	0.102847163	2.051306119	0.871593151	8.447148756	1.004964366	3.016153724	0.106557258	0.647480756	13.39147264	0.458990752	0.112991051	7.253744099	0.109625109	0	0.177662955	80.48564662	59.31648924	0.011177497	1.326019816
eucalyptus	E03	a	163.6710742	49	60	160	0.153543307	0.241860465	21.69317631	12.92122029	94.4661206	725.8736071	19.49376226	6.595029618	15.45121225	0.426829268	0.120046711	0	0.321998891	0.018528438	0	0.920752081	0.098569473	4.808270247	0.324022016	0.243487842	1.162974938	0.176919953	9.683237318	0.490264409	0.892251986	0.735930597	8.054563407	0.39067867	3.674359746	0.092729519	0.364408209	9.940882071	0.236406022	0.285642019	6.852797153	0	0	0	49.88972172	33.89612334	0.014300911	0.979185768
eucalyptus	E03	b	295.8703356	55.33333333	50	128	0.11259542	0.137634409	20.91547127	8.348999953	72.07925397	418.6641099	11.6664391	5.203591753	9.911603338	0.525	0.120022387	0	0.167852476	0.038109384	0	0.319663461	0.010850407	0	0	0.102874063	0.141809674	0.051920621	4.26292533	0.024790776	0.51514826	0.25716038	8.036072153	0.099320695	2.26407544	0.094770899	0.232891393	7.47462033	0.145749717	0.075351289	0	0	0	0.17558289	24.61156202	16.65179633	0.016395622	0.548763299
eucalyptus	E03	c	324.9080238	57.33333333	59	112	0.146520147	0.167381974	8.058400177	9.229283527	46.62179737	1064.252271	13.70651025	5.829875086	22.62994522	0.257617729	0.069466137	0	0	0	0	0.319604629	0.525096877	0	0	0.076191529	0.289212507	0	4.821719484	0.082735759	0.571362218	0.249387005	8.016944176	0.160479876	2.236536142	0	0.243305163	6.689209515	0.090914943	0.105879605	6.846559178	0.107439004	0.094521588	0	31.59656533	22.98208176	0.009527208	0.440099711
eucalyptus	E03	d	295.8703356	60.66666667	92	176	0.162464986	0.224080268	8.072414858	9.683777782	78.10103921	1081.0966	17.22949	7.748542339	21.24392025	0.364741641	0	0	0	0	0	0.332987222	0.067548162	0	0	0.080432087	0.159271778	0	5.584123698	0.171130403	0	0.30555718	7.977274325	0.131800206	3.022803986	0.094172242	0.223653254	7.395286476	0.075813839	0	0	0	0	0	25.62185486	16.22075246	0.012013682	0.393639335
eucalyptus	E04	a	324.2170978	51	112	96	0.122994652	0.152439024	6.335217163	8.588238258	73.8232597	754.7528127	16.76893381	3.497959382	12.68010276	0.275862069	0.125856805	0	0	0.016933725	0	0.580145552	0.378347248	3.825903499	0	0.117108142	0.45712906	0.112434803	6.617646008	0.358711612	0.717864624	0.386726093	8.02808074	0.201037245	2.754779237	0.088090862	0.172862504	7.35324025	0.109885536	0	6.862341049	0.102366588	0.098156009	0.176924601	39.64257179	28.30814231	0.006517452	0.370838902
eucalyptus	E04	b	380.2350704	68.66666667	102	80	0.074742268	0.072423398	5.667396145	9.65573244	55.39424412	799.8902924	10.14081703	4.610691073	8.17084494	0.564285714	0.082038602	0	0	0	0	0.349577843	0.301778753	0	0	0.06519131	0.138714542	0	4.798672965	0.076908497	0.576394819	0.296240032	8.024944315	0.164768656	2.404830599	0.08656097	0.235683061	7.824171617	0.134913272	0	0	0	0	0	25.56138985	17.16733379	0.013248501	0.457157302
eucalyptus	E04	c	1227.997152	71.33333333	93	112	0.092592593	0.136054422	8.013339464	7.443335009	56.94999311	633.2041013	15.6290669	1.747271473	10.36312736	0.168604651	0.095633892	0	0	0.016913364	0	0.453477014	0.117953166	0	0	0.093118057	0.159449081	0	6.213797393	0.071087676	0.655328898	0.426147226	7.934220297	0	2.528728922	0	0.205795581	7.614767982	0.122160387	0	0	0.185030676	0.127282315	0	27.02089193	16.95411922	0.009528933	0.327955967
eucalyptus	E04	d	634.3852476	62.66666667	102	96	0.135483871	0.149253731	6.264245828	7.943387622	55.80615897	711.0179302	12.82866103	4.132756493	8.891688212	0.464788732	0.115330564	0	0.13455365	0.017794978	0	0.657216656	0.124203451	1.638076218	0	0.111982823	0.287633877	0.067129219	5.915288592	0.197429264	0.634776973	0.37043463	8.248182928	0.11808166	16.32276166	0.173333751	1.716253983	7.590471197	1.280699272	0.018837822	1.715585262	0.158011461	0.047326893	0.088126873	49.91642187	23.07955305	0.055560986	3.189124827
pine	P01	a	305.7320065	80.66666667	122	64	0.22459893	0.213793103	12.82147104	14.05869807	97.11943454	1117.065851	18.72827537	7.289355322	37.7083958	0.19330855	0.10763546	0	0	0.015922544	0	0.577998797	0.052293085	2.923517887	0	0.110029242	0.261028329	0	7.108125366	0.188835084	0.806096533	0.41426335	8.05717333	0.26409785	2.589433598	0	0.14410291	6.98152601	0.082364511	0	7.458703386	0	0	0.165324731	38.308472	27.465271	0.004122796	0.226467421
pine	P01	b	518.9362315	85.66666667	130	96	0.251572327	0.260504202	14.18711388	6.818833522	77.10389369	807.379824	22.8069532	4.98716852	35.71692749	0.13963039	0.09032242	0	0	0.006586953	0	0.427800103	0.002084306	3.024482555	0	0.107309598	0.304851614	0.025658993	6.849952418	0.197630463	0.723535202	0.42073981	7.949642258	0.294264089	2.355822846	0.093188919	0.151749264	7.065271875	0.090618854	0	6.774144956	0	0	0.156947494	37.11260499	26.86187242	0.006153668	0.335557037
pine	P01	c	218.5146947	115.6666667	125	112	0.124352332	0.118343195	12.75788888	10.28751854	29.85076262	298.2866731	13.24578551	2.882084729	13.09468931	0.220095694	0.091398451	0	0.136121136	0.00681187	0	0.362738108	0.115486337	0	0	0.069359637	0.151122647	0.033799409	5.885796829	0.847227828	0	0.438292467	7.968660359	0.166798002	2.726620967	0	0.213959325	7.68399519	0	0	0	0	0	0	26.89818856	17.32545613	0.006113574	0.213959325
pine	P01	d	772.4262706	64.66666667	72	96	0.140540541	0.201257862	17.45172144	7.690842806	75.25694527	343.0194613	11.53060718	5.30386946	23.61484736	0.22459893	0.101928901	0	0.154309704	0.014392646	0	0.656859021	0.269905819	0	0	0.116216921	0.230032229	0.060299426	8.955829923	0.105377831	1.967740009	0.590380017	7.993866987	0.172895797	2.617853945	0	0.2123308	6.648477161	0.078248901	0	0	0	0	0	30.94694604	17.82498695	0.008110357	0.290579701
pine	P02	a	699.4097355	143.3333333	125	128	0.281081081	0.293233083	17.06500204	11.89848279	110.23694	1534.501855	25.64957308	6.22352011	32.48373911	0.191588785	0.127733717	0	0.22906391	0	0	0.713420204	0.149749077	4.195373024	0.349417644	0.16137562	0.648421954	0.043512127	8.762473343	0.507799372	0.815256318	0.61760649	7.984999129	0.298409982	2.394927653	0.094271847	0.149672836	8.969248341	0.12816366	0.075935092	6.848085624	0	0	0.171142786	44.43605975	31.3959935	0.007064713	0.448043435
pine	P02	b	851.5999633	116.3333333	157	128	0.226804124	0.206666667	14.21890402	12.82446689	91.62673108	838.2716049	18.8347708	6.118240237	25.03555775	0.244382022	0.114252485	0	0.154340522	0.006674365	0	0.60024471	0.123070685	0	0	0.108860173	0.241198859	0	8.304846224	0.161968616	0.696886883	0.551936377	7.926552233	0.07767186	2.60332391	0	0.21301737	0	0.083692128	0	6.773417503	0	0	0.176130318	28.91808522	16.5384925	0.008837705	0.296709498
pine	P02	c	370.7779262	132.6666667	170	144	0.240331492	0.254545455	11.48518119	17.0289651	93.38197433	1722.295418	27.03398702	6.792015968	33.30978044	0.203904555	0.117866559	0	0.257741101	0.022694269	0	0.958025724	0.422954065	4.417850664	0.255300647	0.180854945	0.786300962	0.225389167	10.18961696	0.651184797	0.978820185	0.831049325	8.06751158	0.318005174	2.634688454	0.093360891	0.183217351	8.531053897	0.124253783	0	6.918458145	0	0	0.173331041	47.33952968	31.93639032	0.006275475	0.400832024
pine	P02	d	684.3575452	120.3333333	162	160	0.128888889	0.142857143	6.561356262	11.56036797	61.12669668	706.4502659	12.0476629	4.512017265	22.3161935	0.202185792	0.106711955	0	0.143904137	0.010586636	0	0.476836106	0.167794959	1.766635937	0	0.096777035	0.256868778	0	5.588497409	0	0.741320444	0.378519824	7.929711255	0.12479085	2.451248482	0.089174916	0.276170788	6.728698286	0.095513078	0	0	0	0	0	27.42976087	18.02332241	0.012596125	0.460858782
pine	P03	a	417.8601421	110	112	80	0.220779221	0.233333333	9.359452736	10.72920985	71.6022319	902.842558	22.66252717	6.543228139	43.29667982	0.151125402	0.092934195	0	0.137989238	0.008453314	0	0.294411994	0.028894626	2.407398206	0	0.077624915	0.254766034	0	3.281354153	0.187249367	0	0.186605693	7.937276565	0.138209097	1.615497418	0.093304572	0.308969918	6.877830721	0.100252287	0	6.780651114	0	0	0.147612522	30.95728595	24.84761171	0.009962734	0.502526776
pine	P03	b	714.9640436	112.3333333	141	96	0.176706827	0.243902439	8.710075997	8.485007165	95.91385838	1192.806274	23.32783357	3.323625774	43.4065526	0.076569678	0.12931552	0	0.297735513	0.023598285	0	0.772473152	0.022443348	3.376997315	0	0.161015687	0.581795543	0.208579951	6.836997475	0.827547058	0.818790922	0.437571773	8.054925116	0.215898129	2.215761108	0.090387664	0.145988554	7.735323441	0.096386881	0.086951818	6.906944435	0	0	0.205272587	40.24870128	29.11680942	0.007207433	0.419714916
pine	P03	c	350.5538654	122.6666667	120	144	0.188235294	0.246376812	8.48570541	8.526980658	59.26397235	1106.692589	23.24114033	15.96531335	48.48969138	0.329251701	0.105761421	0	0.186246037	0.009464946	0	0.54181687	0.057883224	3.945649808	0.033952877	0.107806043	0.690734923	0.091076343	5.281487548	0.3870824	0.740385579	0.316467762	8.071094374	0.243255259	1.546434309	0.090334886	0.183915785	7.765996129	0.121558705	0.258365933	6.936281394	0	0	0.155227578	37.86828013	29.23870655	0.011186803	0.654175309
pine	P03	d	632.5014023	119	124	128	0.261111111	0.293233083	20.5806984	15.01376585	95.1719438	1016.610251	37.09017358	11.16908758	40.12053827	0.278388278	0.089706396	0	0.133002097	0	0	0.439834993	0.067011283	2.434442691	0	0.07894795	0.194935241	0.009530274	6.908977636	0.059344801	0.528495594	0.442231965	8.005734911	0.152685654	2.929995324	0	0.154508638	6.75316748	0.086658013	0	6.839824307	0	0	0.175587328	36.48462258	25.48981059	0.004707113	0.241166651
pine	P04	a	964.4919709	130.3333333	174	96	0.173410405	0.251748252	20.77179323	9.10284534	96.20413158	692.7404954	23.76762635	6.526577885	28.84747425	0.226244344	0.098283043	0	0.142866102	0	0	0.367982882	0.018046835	0	0	0.075589955	0.160403058	0	5.513909249	0.320120628	0.498260202	0.33280894	7.992031487	0.037378175	2.283789138	0.09038787	0.189301799	6.737644835	0.08218394	0.073158744	0	0	0	0	25.01414688	16.15423728	0.013397971	0.435032352
pine	P04	b	1296.868391	127.6666667	122	80	0.221789883	0.305	27.07141132	13.56834908	82.39941622	410.6283201	35.45818069	8.469891945	22.35496071	0.378881988	0.094088739	0	0.14070166	0.002453153	0	0.347339141	0.10708133	0	0	0.054397982	0.103583666	0.041289679	5.596886169	0.156290315	0.570646116	0.326425694	0	0	2.247212779	0.091766445	0.188480169	7.320852777	0	0	0	0	0	0	17.38949581	8.53219655	0.016341182	0.280246614
pine	P04	c	1248.592133	106.3333333	89	112	0.194690265	0.153846154	7.271490539	9.791821258	91.51923918	1257.850581	17.9579911	4.519386786	16.72847646	0.27016129	0.280795335	0	0.874700556	0.160847086	0	3.4762609	0.07120565	9.397725111	3.653552049	0.606875707	3.21736543	0	17.15844741	0.010199218	3.19273087	1.508290821	8.059630465	0.738270615	2.396773059	0	0.355524258	18.8438489	0.241722552	0.261860512	7.007849667	0.105599112	0	0.653163218	82.27323851	56.23633886	0.007600363	0.859107322
pine	P04	d	1123.333899	53.33333333	113	144	0.173913043	0.292397661	10.61958189	7.249351849	70.09247992	860.0801136	12.95838167	5.980932093	17.21982647	0.347328244	0.106210246	0	0.185662206	0.011655956	0	0.632452177	0.192557426	2.090875118	0.072313381	0.120356724	0.467355837	0.094266608	7.503298093	0.366473287	1.049383994	0.518830497	8.05110848	0.193146443	2.276818516	0.068633897	0.192693474	7.437525658	0.101761873	0.082972618	3.463684885	0	0	0.082139655	35.36217705	23.83105431	0.009769537	0.446061862
oak	C01	a	431.2969666	83.66666667	86	64	0.258333333	0.269662921	15.07035928	11.12088581	97.98331867	1442.077482	29.54247195	7.011496122	35.20057237	0.199186992	0.160061309	0	0.219667427	0.048097831	0	1.043826711	0.166150038	4.33016472	0.399470895	0.257243445	0.546511717	0.113957044	12.00061406	0.17547591	0.577597535	1.020025754	8.047146558	0.208143662	2.738855882	0.099515973	0.180593331	8.431235705	0.109094769	0	6.889589385	0	0	0.201408155	47.96444782	30.88260529	0.006301348	0.389204074
oak	C01	b	249.2883887	122.3333333	73	112	0.276595745	0.284313725	8.943509621	15.51039475	124.315768	1261.310445	71.03369858	10.27322404	48.87335262	0.210200927	0.129592138	0	0.186807837	0	0	1.113172834	0.7499062	5.520815945	0.454701683	0.230447928	0.848970259	0	14.26373483	0.769540834	1.492436708	1.082368834	0	0.62712194	2.692685652	0.112940288	0.192469474	9.156766155	0.109000245	0	6.806426488	0	0	0.25304377	46.79295004	26.98959677	0.007563761	0.414410008
oak	C01	c	126.8158859	144.6666667	68	64	0.26875	0.282051282	9.099054863	17.25861382	68.63868337	1203.960308	48.45917209	5.440676408	43.01075269	0.126495726	0.218759687	0	0.360790666	0.079722324	0	1.838058884	0.217599859	13.11303526	3.37974485	0.441237857	2.64433362	0.102148348	17.2607232	2.625312476	3.493424142	1.648560466	8.039283953	1.559903422	2.943358344	0.11178754	0.460700864	24.44275403	0.32564856	0.077181531	7.014754678	0	0	0.316475836	93.74878904	69.43583339	0.006919373	0.975318495
oak	C01	d	262.8394948	101.6666667	107	48	0.275	0.25862069	9.597288766	11.73793403	108.4081247	1096.56522	71.92480002	5.832667698	44.94145239	0.129783694	0.147745267	0	0.275128036	0	0	1.425235458	0.635607907	5.750145753	0.950104978	0.298282424	1.055341192	0.12632374	14.69798797	0.962749726	1.47057445	1.187665982	7.95359923	0.567166418	2.911704122	0.090660967	0.208694248	9.521767933	0.126791106	0	6.827303875	0	0.092784516	0.230894262	57.51425956	36.54470196	0.005744315	0.426146321
oak	C02	a	413.8519145	128.6666667	44	48	0.252747253	0.294117647	25.33226704	15.33853051	148.663994	2350.340572	36.70889504	7.824654452	48.55673417	0.161144578	0.14617303	0	0.211421366	0	0	1.157803139	0	4.429515471	0.550239239	0.217025371	0.813570335	0.12604896	13.11610563	0.706790812	1.670525476	1.032873415	7.953185742	0.447429891	3.074898582	0.106215575	0.194110939	9.192128049	0.129413896	0	6.820345025	0	0	0.36011107	52.45593101	33.83362883	0.006256934	0.42974041
oak	C02	b	225.1507624	117.6666667	43	96	0.279527559	0.267759563	19.95722064	7.52477626	120.0324269	762.5641862	46.68463337	10.62755813	56.2811529	0.188829787	0.848279965	0	0.855291078	0.214653542	1.765002083	4.5474565	0.668631534	52.97437058	15.54004524	2.278635266	18.26442824	0.062081923	29.72267165	15.03174571	8.483844802	4.912078841	8.646483042	8.616622812	2.673733194	0.152313322	1.285330719	116.8048095	0.114081862	1.813438347	8.650500346	0.441115496	0.154101427	1.074588969	311.6313042	267.0035346	0.00627037	3.365164251
oak	C02	c	450.9983764	115	40	128	0.145454545	0.154255319	20.72027684	10.51656697	83.51347194	462.7798365	16.43156118	2.159149356	36.07049512	0.059859155	0.148536341	0	0.233670815	0	0	1.32281553	0.088887996	5.382535115	0.954796721	0.303551669	1.016195732	0	14.88213217	0.856111722	1.726314387	1.396569827	8.020172923	0.605063843	2.46603719	0.088196602	0.209749568	10.43063376	0.121502034	0.148429718	6.885963883	0	0	0.316562602	57.60443015	37.57790959	0.007518415	0.567877922
oak	C02	d	246.0643695	127.6666667	55	48	0.236	0.240837696	30.13792632	11.03036494	131.8726145	686.3746648	45.38597525	12.24142259	57.50621776	0.212871287	0.184552074	0	0.284530807	0.070698625	0	1.743057814	0.091583455	13.08709581	3.174701666	0.52415987	2.795982086	0	17.18378252	3.103032176	5.457343013	1.701253752	8.114066039	2.017238273	2.27649245	0.102130083	0.444416118	24.98183957	0.29056622	0.366487132	7.06900303	0.100819421	0.256354136	0.391185995	98.60844708	74.82179023	0.007963474	1.203599553
oak	C03	a	388.2444834	91	67	80	0.217054264	0.198019802	9.5330928	8.092489268	88.61946044	1058.337455	29.14793322	10.33462591	41.6876464	0.247906198	0.552606874	0.035163771	0.870084368	0.164449694	0.636909155	2.717537231	0.159655848	31.76202017	7.788692502	1.113664733	8.740147197	1.012300769	17.70821584	7.37257788	3.596243219	1.443127101	8.670632	3.094891671	2.94054262	0.146490836	1.198394746	34.66969679	1.020737514	1.139223213	8.329326667	0	0.12978001	0.351095733	147.3642082	117.2179291	0.014950129	3.50484631
oak	C03	b	324.9080238	89.33333333	116	96	0.268907563	0.252873563	12.74982504	9.051825324	87.31256328	1209.10038	22.9024083	7.675758456	35.17434943	0.218220339	0.200077555	0	0.326252721	0.097367889	0	1.088989548	1.241045482	8.819113272	1.242548853	0.312429978	1.55585846	0.228558997	9.642472262	1.11428714	1.327346128	0.683386542	8.115663872	0.53408714	2.360817411	0.093693229	0.324703227	13.27634743	0.250395598	0.093304887	6.998466372	0	0	0.181314	60.10852799	43.97953519	0.008664222	0.762096941
oak	C03	c	442.0789748	110.3333333	60	64	0.308176101	0.272727273	15.3371422	10.15766603	88.05255351	1076.991191	45.08713705	6.685838569	40.72982117	0.164150943	0.116727437	0	0.669516666	0.138173289	1.217533833	3.011906317	0.044520385	37.43252304	10.37747038	1.169231929	10.69717346	1.152341814	20.87767457	10.1451709	5.997581767	2.354179958	8.794228082	6.14261376	2.516349925	0.201117721	1.142524464	52.04222626	0.128025113	1.054338763	8.307238991	0	0.109091914	0.522371831	186.3618526	154.6771724	0.008165413	2.526006061
oak	C03	d	440.9826852	73.66666667	72	112	0.209386282	0.205479452	10.42105406	6.914625621	104.7892507	1505.043038	17.27816456	9.751630628	35.64152321	0.273603083	0	0	0.210832604	0.03081597	0	0.682818248	0.087601797	0	0	0.146555919	0.452554661	0.033846642	8.457269562	0.268627271	0.831390199	0.601586359	7.868797318	0.206898849	2.07405929	0	0.170665207	7.655982456	0.101858727	0.09694223	6.751456899	0	0	0.157256038	36.88781625	24.78384993	0.007307616	0.369466164
oak	C04	a	390.0587075	79.66666667	54	64	0.203252033	0.204081633	10.95520408	7.485539759	94.85174324	853.7065853	22.83990902	6.675941563	29.66320426	0.225058005	0.106744677	0	0	0.027484742	0	0.360728643	0.161743643	3.380144018	0	0.090914773	0.370159399	0	5.565374172	0.246064527	0.845129224	0.361360189	7.897639143	0.186349164	1.695326605	0	0.147227474	7.463250387	0.104402922	0	6.766629438	0	0	0.166021314	35.94269445	27.60764026	0.004467902	0.251630396
oak	C04	b	345.9464167	85	115	96	0.20754717	0.198412698	6.421814517	9.071571726	86.37037037	936.4134543	35.85023599	6.957698216	33.96183387	0.204868154	0.084551006	0	0.429460076	0.083113924	0	1.282627271	0.091911347	15.6868946	3.530412847	0.371157182	3.199382036	0.032558645	11.63409062	3.029996396	2.008179845	1.08042892	8.237157737	1.683368943	2.222674174	0.100644248	0.397013453	20.7826039	0.369766385	0.325914466	7.282457006	0	0.094489946	0.182215954	87.05315958	69.72212806	0.008515242	1.193338552
oak	C04	c	364.942277	88.66666667	157	96	0.198830409	0.167883212	9.312184909	10.76771059	78.64821908	701.1653345	42.38840842	5.910458435	33.83227932	0.174698795	0.158700869	0	0.276100655	0.036420103	0	0.846040162	0.086263855	7.287284642	1.375212751	0.207019655	1.426888106	0.200433598	8.641985983	1.1534308	1.86064307	0.668610245	8.065079127	0.55314806	1.923534222	0.096122261	0.414161955	16.19437853	0.19685787	0.17855346	6.99492634	0	0	0.221230685	59.063027	45.78662132	0.009623871	0.885695546
oak	C04	d	305.1013063	96	111	80	0.2578125	0.273684211	26.19253572	11.51133122	101.045343	912.8956764	69.59977211	9.40330328	37.0345483	0.25390625	0.111795865	0	0.151737242	0	0	0.488339363	0.087279672	3.583001226	0.101437212	0.110625055	0.522776455	0.065375331	6.849325175	0.291755496	0.865403527	0.467412135	7.931479629	0.241405502	1.878341951	0.095058257	0.153352785	8.277110136	0.109774755	0	6.79718986	0	0	0.167604677	39.34758131	29.18959623	0.006044832	0.358185797
